Name=camdata_00044194
NinjaCameraName=ninjacam_00000388
CameraAnimation=animation_00044188

[NinjaCameraData]
Position=0, -36.76506, -9.981758
Vector=-0.4999793, -0.29119, -0.81561583
Angle=5461
NearClip=1
FarClip=100000
LocalX=-0.86603737, 0.16810931, 0.47086996
LocalY=0, -35.36505, 12.625979
