Name=camdata_000142A0
NinjaCameraName=ninjacam_000002F8
CameraAnimation=animation_00014294

[NinjaCameraData]
Position=0.479992, 0.375155, 4.038052
Vector=0.8114863, -0.45702526, -0.3641675
Angle=5582
NearClip=1
FarClip=100000
LocalX=-0.40379122, -0.8890078, 0.2159116
LocalY=0.075, 0.005, 0.16085
