Name=camdata_0002318C
NinjaCameraName=ninjacam_00000378
CameraAnimation=animation_00023180

[NinjaCameraData]
Position=-17.171469, -1178.896, 12.033218
Vector=-0.4695272, -0.016421678, -0.8827653
Angle=5097
NearClip=1
FarClip=100000
LocalX=-0.8829088, 0.013277808, 0.46935657
LocalY=-4.721344, -1176.0845, 24.389362
