Name=camdata_0001AEB0
NinjaCameraName=ninjacam_00000338
CameraAnimation=animation_0001AEA4

[NinjaCameraData]
Position=34.783653, -1176.8196, -2.310802
Vector=-0.46901867, -0.020312188, -0.88295466
Roll=1046
Angle=5097
NearClip=1
FarClip=100000
LocalX=-0.8820379, -0.040237788, 0.46945733
LocalY=52.96235, -1174.0792, -1.12374
