Name=camdata_0002D874
NinjaCameraName=ninjacam_000003B8
CameraAnimation=animation_0002D868

[NinjaCameraData]
Position=-20.822857, -1176.0336, 11.5353
Vector=-0.46947563, -0.007794154, -0.882911
Angle=5097
NearClip=1
FarClip=100000
LocalX=-0.88294274, 0.0066217184, 0.46943408
LocalY=-2.572874, -1176.0845, 11.750319
