Name=camdata_00055EB4
NinjaCameraName=ninjacam_000003C8
CameraAnimation=animation_00055EA8

[NinjaCameraData]
Position=0.128647, -35.334675, 16.609581
Vector=-0.34300685, 0.2851685, -0.8950001
Angle=3640
NearClip=1
FarClip=100000
LocalX=-0.9393262, -0.10772029, 0.32567248
LocalY=0.128647, -34.629498, -11.083093
