Name=camdata_0003963C
NinjaCameraName=ninjacam_00000348
CameraAnimation=animation_00039630

[NinjaCameraData]
Position=-14.494856, 1.956602, -2.72869
Vector=-0.7070475, 0, -0.7071661
Angle=8191
NearClip=1
FarClip=100000
LocalX=-0.7071661, 0, 0.7070475
LocalY=0, -32.544, 0
