Name=camdata_0000A540
NinjaCameraName=ninjacam_00000238
CameraAnimation=animation_0000A534

[NinjaCameraData]
Position=-76.81691, -1087.4452, 68.028046
Vector=-0.49822673, -0.050564963, -0.86557114
Angle=5461
NearClip=1
FarClip=100000
LocalX=-0.8659125, -0.02202902, 0.4997101
LocalY=51.974045, -1170.505, 38.4621
