Name=camdata_00017148
NinjaCameraName=ninjacam_000002C8
CameraAnimation=animation_0001713C

[NinjaCameraData]
Position=-26.442009, -34.4, -6.354105
Vector=-0.3431805, 0.5065406, -0.79097646
Angle=3640
NearClip=1
FarClip=100000
LocalX=-0.9392672, -0.18691312, 0.28782034
LocalY=0.085, -34.88, -22.374
