Name=camdata_000138EC
NinjaCameraName=ninjacam_000002B8
CameraAnimation=animation_000138E0

[NinjaCameraData]
Position=-17.990223, -1177.216, 59.312233
Vector=-0.3755471, -0.027346587, -0.9263997
Angle=4004
NearClip=1
FarClip=100000
LocalX=-0.926291, 0.04430661, 0.37419516
LocalY=-36.251186, -1174.9069, 49.377953
