Name=camdata_0005697C
NinjaCameraName=ninjacam_00000408
CameraAnimation=animation_00056970

[NinjaCameraData]
Position=-0.464539, -0.828223, 4.55982
Vector=-0.9055406, -0.3432038, -0.24941428
Angle=5461
NearClip=1
FarClip=100000
LocalX=-0.3851428, 0.9115544, 0.14399144
LocalY=-0.056054, -0.071337, 0.301676
