Name=camdata_000221A8
NinjaCameraName=ninjacam_00000308
CameraAnimation=animation_0002219C

[NinjaCameraData]
Position=-24.591795, -34.407, 10.59249
Vector=-0.3419451, -0.54150033, -0.7680176
Angle=3640
NearClip=1
FarClip=100000
LocalX=-0.9397199, 0.19704103, 0.27946606
LocalY=0, -34.88, 24.592579
