Name=camdata_0000D220
NinjaCameraName=ninjacam_00000278
CameraAnimation=animation_0000D214

[NinjaCameraData]
Position=-20.252407, -1122.077, 98.02737
Vector=-0.42419863, -0.03118136, -0.90503216
Angle=4551
NearClip=1
FarClip=100000
LocalX=-0.9046903, 0.058611773, 0.42201906
LocalY=-44.620373, -1116.218, 59.37148
